DIMENSIONS: 200 200
NUM COLORS: 5
00000000000000000000000000000000000000000000000000000000000000000000000000000000000000000000000000000000000000000000000000000000000000000000000000000000000000000000000000000000000000000000000000000000
00000000000000000000000000000000000000000000000000000000000000000000000000000000000000000000000000000000000000000000000000000000000000000000000000000000000000000000000000000000000000000000000000000000
00000000000000000000000000000000000000000000000000000000000000000000000000000000000000000000000000000000000000000000000000000000000000000000000000000000000000000000000000000000000000000000000000000000
00000000000000000000000000000000000000000000000000000000000000000000000000000000000000000000000000000000000000000000000000000000000000000000000000000000000000000000000000000000000000000000000000000000
00000000000000000000000000000000000000000000000000000000000000000000000000000000000000000000000000000000000000000000000000000000000000000000000000000000000000000000000000000000000000000000000000000000
00000000000000000000000000000000000000000000000000000000000000000000000000000000000000000000000000000000000000000000000000000000000000000000000000000000000000000000000000000000000000000000000000000000
00000000000000000000000000000000000000000000000000000000000000000000000000000000000000000000000000000000000000000000000000000000000000000000000000000000000000000000000000000000000000000000000000000000
00000000000000000000000000000000000000000000000000000000000000000000000000000000000000000000000000000000000000000000000000000000000000000000000000000000000000000000000000000000000000000000000000000000
00000000000000000000000000000000000000000000000000000000000000000000000000000000000000000000000000000000000000000000000000000000000000000000000000000000000000000000000000000000000000000000000000000000
00000000000000000000000000000000000000000000000000000000000000000000000000000000000000000000000000000000000000000000000000000000000000000000000000000000000000000000000000000000000000000000000000000000
00000000000000000000000000000000000000000000000000000000000000000000000000000000000000000000000000000000000000000000000000000000000000000000000000000000000000000000000000000000000000000000000000000000
00000000000000000000000000000000000011111111111111111111111111111111111111111110000000000000000000000000000000000111111111111111111111111111111111111111111111111111111111111110000000000000000000000000
00000000000000000000000000000000000011111111111111111111111111111111111111111110000000000000000000000000000000000111111111111111111111111111111111111111111111111111111111111110000000000000000000000000
00000000000000000000000000000000000011111111111111111111111111111111111111111111000000000000000000000000000000000111111111111111111111111111111111111111111111111111111111111110000000000000000000000000
00000000000000000000000000000000000011111111111111111111111111111111111111111111000000000000000000000000000000000111111111111111111111111111111111111111111111111111111111111110000000000000000000000000
00000000000000000000000000000000000011112222222222222222222222222222222222221111100000000000000000000000000000000111122222222222222222222222222222222222222222222222222222211110000000000000000000000000
00000000000000000000000000000000000011113333333333333333333333333333333333332111100000000000000000000000000000000111123333333333333333333333333333333333333333333333333333211110000000000000000000000000
00000000000000000000000000000000000011113333333333333333333333333333333333333111110000000000000000000000000000000111123333333333333333333333333333333333333333333333333333211110000000000000000000000000
00000000000000000000000000000000000011113333333333333333333333333333333333333244440000000000000000000000000000000144423333333333333333333333333333333333333333333333333333244410000000000000000000000000
00000000000000000000000000000000000044443333333333333333333333333333333333333314441000000000000000000000000000000144423333333333333333333333333333333333333333333333333333244410000000000000000000000000
00000000000000000000000000000000000044443333333333333333333333333333333333333324444000000000000000000000000000000144423333333333333333333333333333333333333333333333333333244410000000000000000000000000
00000000000000000000000000000000000044443333333333333333333333333333333333333331444100000000000000000000000000000144423333333333333333333333333333333333333333333333333333244410000000000000000000000000
00000000000000000000000000000000000044443333333333333333333333333333333333333332444400000000000000000000000000000144423333333333333333333333333333333333333333333333333333244410000000000000000000000000
00000000000000000000000000000000000044443333333333333333333333333333333333333333144410000000000000000000000000000144423333333333333333333333333333333333333333333333333333244410000000000000000000000000
00000000000000000000000000000000000044443333333333333333333333333333333333333333244440000000000000000000000000000144423333333333333333333333333333333333333333333333333333244410000000000000000000000000
00000000000000000000000000000000000044443333333333333333333333333333333333333333324441000000000000000000000000000144423333333333333333333333333333333333333333333333333333244410000000000000000000000000
00000000000000000000000000000000000044443333333333333333333333333333333333333333334444000000000000000000000000000144423333333333333333333333333333333333333333333333333333244410000000000000000000000000
00000000000000000000000000000000000044443333333333333333333333333333333333333333332444100000000000000000000000000144423333333333333333333333333333333333333333333333333333244410000000000000000000000000
00000000000000000000000000000000000044443333333333333333333333333333333333333333333444400000000000000000000000000144423333333333333333333333333333333333333333333333333333244410000000000000000000000000
00000000000000000000000000000000000044443333333333333333333333333333333333333333333244410000000000000000000000000144423333333333333333333333333333333333333333333333333333244410000000000000000000000000
00000000000000000000000000000000000044443333333333333333333333333333333333333333333344440000000000000000000000000144423333333333333333333333333333333333333333333333333333244410000000000000000000000000
00000000000000000000000000000000000044443333333333333333333333333333333333333333333324441000000000000000000000000144423333333333333333333333333333333333333333333333333333244410000000000000000000000000
00000000000000000000000000000000000044443333333333333333333333333333333333333333333334444000000000000000000000000144423333333333333333333333333333333333333333333333333333244410000000000000000000000000
00000000000000000000000000000000000044443333333333333333333333333333333333333333333332444100000000000000000000000144423333333333333333333333333333333333333333333333333333244410000000000000000000000000
00000000000000000000000000000000000044443333333333333333333333333333333333333333333333444400000000000000000000000144423333333333333333333333333333333333333333333333333333244410000000000000000000000000
00000000000000000000000000000000000044443333333333333333333333333333333333333333333333244410000000000000000000000144423333333333333333333333333333333333333333333333333333244410000000000000000000000000
00000000000000000000000000000000000044443333333333333333333333333333333333333333333333344441000000000000000000000144423333333333333333333333333333333333333333333333333333244410000000000000000000000000
00000000000000000000000000000000000044443333333333333333333333333333333333333333333333324441000000000000000000000144423333333333333333333333333333333333333333333333333333244410000000000000000000000000
00000000000000000000000000000000000044443333333333333333333333333333333333333333333333334444100000000000000000000144423333333333333333333333333333333333333333333333333333244410000000000000000000000000
00000000000000000000000000000000000044441111111111111123333333333333333333333333333333332444100000000000000000000144411111111111111133333333333333333333333311111111111111144410000000000000000000000000
00000000000000000000000000000000000044444444444444444413333333333333333333333333333333333444410000000000000000000144444444444444444433333333333333333333333344444444444444444410000000000000000000000000
00000000000000000000000000000000000044444444444444444423333333333333333333333333333333333244410000000000000000000144444444444444444433333333333333333333333344444444444444444410000000000000000000000000
00000000000000000000000000000000000044444444444444444423333333333333333333333333333333333344441000000000000000000144444444444444444433333333333333333333333344444444444444444410000000000000000000000000
00000000000000000000000000000000000000000000000000044423333333333333333333333333333333333324444000000000000000000000000000000000144433333333333333333333333344410000000000000000000000000000000000000000
00000000000000000000000000000000000000000000000000044423333333333333333333333333333333333334444100000000000000000000000000000000144433333333333333333333333344410000000000000000000000000000000000000000
00000000000000000000000000000000000000000000000000044423333333333333333333333333333333333332444400000000000000000000000000000000144433333333333333333333333344410000000000000000000000000000000000000000
00000000000000000000000000000000000000000000000000044423333333333333333333333333333333333333144410000000000000000000000000000000144433333333333333333333333344410000000000000000000000000000000000000000
01444444444444444444444444444444444444444444444444444423333333333333333333333333333333333333244444444444444444444444444444444444444433333333333333333333333344444444444444444444441000000000000000000000
01444444444444444444444444444444444444444444444444444423333333333333333333333333333333333333314444444444444444444444444444444444444433333333333333333333333344444444444444444444444100000000000000000000
01444444444444444444444444444444444444444444444444444413333333333333333333333333333333333333324444444444444444444444444444444444444433333333333333333333333344444444444444444444444410000000000000000000
01444411111111111111111111111111111111111111111111111423333333333333333333333333333333333333331411111111111111111111111111111111111133333333333333333333333311111111111111111111444441000000000000000000
01444133333333333333333333333333333333333333333333333333333333333333333333333333333333333333333333333333333333333333333333333333333333333333333333333333333333333333333333333333344444100000000000000000
01444133333333333333333333333333333333333333333333333333333333333333333333333333333333333333333333333333333333333333333333333333333333333333333333333333333333333333333333333333334444410000000000000000
01444133333333333333333333333333333333333333333333333333333333333333333333333333333333333333333333333333333333333333333333333333333333333333333333333333333333333333333333333333333444441000000000000000
01444133333333333333333333333333333333333333333333333333333333333333333333333333333333333333333333333333333333333333333333333333333333333333333333333333333333333333333333333333333344444100000000000000
01444133333333333333333333333333333333333333333333333333333333333333333333333333333333333333333333333333333333333333333333333333333333333333333333333333333333333333333333333333333334444410000000000000
01444133333333333333333333333333333333333333333333333333333333333333333333333333333333333333333333333333333333333333333333333333333333333333333333333333333333333333333333333333333333444441000000000000
01444133333333333333333333333333333333333333333333333333333333333333333333333333333333333333333333333333333333333333333333333333333333333333333333333333333333333333333333333333333333344444100000000000
01444133333333333333333333333333333333333333333333333333333333333333333333333333333333333333333333333333333333333333333333333333333333333333333333333333333333333333333333333333333333334444410000000000
01444133333333333333333333333333333333333333333333333333333333333333333333333333333333333333333333333333333333333333333333333333333333333333333333333333333333333333333333333333333333333444441000000000
01444133333333333333333333333333333333333333333333333333333333333333333333333333333333333333333333333333333333333333333333333333333333333333333333333333333333333333333333333333333333333344444100000000
01444133333333333333333333333333333333333333333333333333333333333333333333333333333333333333333333333333333333333333333333333333333333333333333333333333333333333333333333333333333333333334444410000000
01444133333333333333333333333333333333333333333333333333333333333333333333333333333333333333333333333333333333333333333333333333333333333333333333333333333333333333333333333333333333333333444441000000
01444133333333333333333333333333333333333333333333333333333333333333333333333333333333333333333333333333333333333333333333333333333333333333333333333333333333333333333333333333333333333333344444100000
01444133333333333333333333333333333333333333333333333333333333333333333333333333333333333333333333333333333333333333333333333333333333333333333333333333333333333333333333333333333333333333334444410000
01444133333333333333333333333333333333333333333333333333333333333333333333333333333333333333333333333333333333333333333333333333333333333333333333333333333333333333333333333333333333333333333444441000
01444133333333333333333333333333333333333333333333333333333333333333333333333333333333333333333333333333333333333333333333333333333333333333333333333333333333333333333333333333333333333333333344444100
01444133333333333333333333333333333333333333333333333333333333333333333333333333333333333333333333333333333333333333333333333333333333333333333333333333333333333333333333333333333333333333333334444410
01444133333333333333333333333333333333333333333333333333333333333333333333333333333333333333333333333333333333333333333333333333333333333333333333333333333333333333333333333333333333333333333333444410
01444133333333333333333333333333333333333333333333333333333333333333333333333333333333333333333333333333333333333333333333333333333333333333333333333333333333333333333333333333333333333333333333144410
01444133333333333333333333333333333333333333333333333333333333333333333333333333333333333333333333333333333333333333333333333333333333333333333333333333333333333333333333333333333333333333333333144410
01444133333333333333333333333333333333333333333333333333333333333333333333333333333333333333333333333333333333333333333333333333333333333333333333333333333333333333333333333333333333333333333333144410
01444133333333333333333333333333333333333333333333333333333333333333333333333333333333333333333333333333333333333333333333333333333333333333333333333333333333333333333333333333333333333333333333144410
01444133333333333333333333333333333333333333333333333333333333333333333333333333333333333333333333333333333333333333333333333333333333333333333333333333333333333333333333333333333333333333333333144410
01444122222222223333333333333333333333333222222222222233333333333333333333333333333333333333333333333333333222222222222222222222222233333333333333333333333322222222223333333333333333333333333333144410
01444444444444442333333333333333333333331444444444444413333333333333333333333333333333333333333333333333333444444444444444444444444433333333333333333333333344444444444233333333333333333333333333144410
01444444444444442333333333333333333333331444444444444423333333333333333333333322333333333333333333333333333244444444444444444444444433333333333333333333333344444444444423333333333333333333333333144410
01444444444444442333333333333333333333331444444444444423333333333333333333333324333333333333333333333333333344444444444444444444444433333333333333333333333344444444444442333333333333333333333333144410
01111111111114442333333333333333333333331444111111144423333333333333333333333324233333333333333333333333333324444111111111111111444433333333333333333333333344441111144444333333333333333333333333144410
00000000000014442333333333333333333333331444000000044423333333333333333333333324133333333333333333333333333334444100000000000000144433333333333333333333333344410000014444233333333333333333333333144410
00000000000014442333333333333333333333331444000000044423333333333333333333333324423333333333333333333333333332444400000000000000144433333333333333333333333344410000001444233333333333333333333333144410
00000000000014442333333333333333333333331444000000044423333333333333333333333324413333333333333333333333333333444410000000000000144433333333333333333333333344410000001444233333333333333333333333144410
00000000000014442333333333333333333333331444000000044423333333333333333333333324442333333333333333333333333333244440000000000000144433333333333333333333333344410000001444233333333333333333333333144410
00000000000014442333333333333333333333331444000000044423333333333333333333333324441333333333333333333333333333314441000000000000144433333333333333333333333344410000001444233333333333333333333333144410
00000000000014442333333333333333333333331444000000044423333333333333333333333324444233333333333333333333333333324444000000000000144433333333333333333333333344410000001444233333333333333333333333144410
00000000000014442333333333333333333333331444000000044423333333333333333333333324444133333333333333333333333333331444100000000000144433333333333333333333333344410000001444233333333333333333333333144410
00000000000014442333333333333333333333331444000000044423333333333333333333333324444423333333333333333333333333332444400000000000144433333333333333333333333344410000001444233333333333333333333333144410
00000000000014442333333333333333333333331444000000044423333333333333333333333324444413333333333333333333333333333144410000000000144433333333333333333333333344410000001444233333333333333333333333144410
00000000000014442333333333333333333333331444000000044423333333333333333333333324444442333333333333333333333333333244440000000000144433333333333333333333333344410000001444233333333333333333333333144410
00000000000014442333333333333333333333331444000000044423333333333333333333333324444441333333333333333333333333333314441000000000144433333333333333333333333344410000001444233333333333333333333333144410
00000000000014442333333333333333333333331444000000044423333333333333333333333324444444233333333333333333333333333324444000000000144433333333333333333333333344410000001444233333333333333333333333144410
00000000000014442333333333333333333333331444000000044423333333333333333333333324444444433333333333333333333333333331444100000000144433333333333333333333333344410000001444233333333333333333333333144410
00000000000014442333333333333333333333331444000000044423333333333333333333333324441144423333333333333333333333333332444400000000144433333333333333333333333344410000001444233333333333333333333333144410
00000000000014442333333333333333333333331444000000044423333333333333333333333324440144443333333333333333333333333333144410000000144433333333333333333333333344410000001444233333333333333333333333144410
00000000000014442333333333333333333333331444000000044423333333333333333333333324441044442333333333333333333333333333244440000000144433333333333333333333333344410000001444233333333333333333333333144410
00000000000014442333333333333333333333331444000000044423333333333333333333333324441014444333333333333333333333333333324441000000144433333333333333333333333344410000001444233333333333333333333333144410
00000000000014442333333333333333333333331444000000044423333333333333333333333324441001444233333333333333333333333333334444000000144433333333333333333333333344410000001444233333333333333333333333144410
00000000000014442333333333333333333333331444000000044423333333333333333333333324441001444433333333333333333333333333332444100000144433333333333333333333333344410000001444233333333333333333333333144410
00000000000014442333333333333333333333331444000000044423333333333333333333333324441000144423333333333333333333333333333444400000144433333333333333333333333344410000001444233333333333333333333333144410
00000000000014442333333333333333333333331444000000044423333333333333333333333324441000144443333333333333333333333333333244410000144433333333333333333333333344410000001444233333333333333333333333144410
00000000000014442333333333333333333333331444000000044423333333333333333333333324441000014442333333333333333333333333333344440000144433333333333333333333333344410000001444233333333333333333333333144410
00000000000014442333333333333333333333331444000000044423333333333333333333333324441000014444333333333333333333333333333324441000144433333333333333333333333344410000001444233333333333333333333333144410
00000000000014442333333333333333333333331444000000044423333333333333333333333324441000001444233333333333333333333333333334444100144433333333333333333333333344410000001444233333333333333333333333144410
00000000000014442333333333333333333333331444000000044423333333333333333333333324441000001444433333333333333333333333333332444100144433333333333333333333333344410000001444233333333333333333333333144410
00000000000014442333333333333333333333331444000000044423333333333333333333333324441000000144423333333333333333333333333333444410144433333333333333333333333344410000001444233333333333333333333333144410
00000000000014442333333333333333333333331444000000044423333333333333333333333324441000000044443333333333333333333333333333244410144433333333333333333333333344410000001444233333333333333333333333144410
00000000000014442333333333333333333333331444000000044423333333333333333333333324441000000014442333333333333333333333333333344441144433333333333333333333333344410000001444233333333333333333333333144410
00000000000014442333333333333333333333331444000000044423333333333333333333333324441000000004444333333333333333333333333333324441144433333333333333333333333344410000001444233333333333333333333333144410
00000000000014442333333333333333333333331444000000044423333333333333333333333324441000000001444233333333333333333333333333334444444433333333333333333333333344410000001444233333333333333333333333144410
00000000000014442333333333333333333333331444000000044423333333333333333333333324441000000000444433333333333333333333333333332444444433333333333333333333333344410000001444233333333333333333333333144410
00000000000014442333333333333333333333331444000000044423333333333333333333333324441000000000144413333333333333333333333333333444444433333333333333333333333344410000001444233333333333333333333333144410
00000000000014442333333333333333333333331444000000044423333333333333333333333324441000000000044442333333333333333333333333333244444433333333333333333333333344410000001444233333333333333333333333144410
00000000000014442333333333333333333333331444000000044423333333333333333333333324441000000000014441333333333333333333333333333344444433333333333333333333333344410000001444233333333333333333333333144410
00000000000014442333333333333333333333331444000000044423333333333333333333333324441000000000004444233333333333333333333333333324444433333333333333333333333344410000001444233333333333333333333333144410
00000000000014442333333333333333333333331444000000044423333333333333333333333324441000000000001444133333333333333333333333333334444433333333333333333333333344410000001444233333333333333333333333144410
00000000000014442333333333333333333333331444000000044423333333333333333333333324441000000000000444423333333333333333333333333332444433333333333333333333333344410000001444233333333333333333333333144410
00000000000014442333333333333333333333331444000000044423333333333333333333333324441000000000000144413333333333333333333333333333144433333333333333333333333344410000001444233333333333333333333333144410
00000000000014442333333333333333333333331444000000044423333333333333333333333324441000000000000044442333333333333333333333333333244433333333333333333333333344410000001444233333333333333333333333144410
00000000000014442333333333333333333333331444000000044423333333333333333333333324441000000000000014441333333333333333333333333333314433333333333333333333333344410000001444233333333333333333333333144410
00000000000014442333333333333333333333331444000000044423333333333333333333333324441000000000000004444233333333333333333333333333324433333333333333333333333344410000001444233333333333333333333333144410
00000000000014442333333333333333333333331444000000044423333333333333333333333324441000000000000001444133333333333333333333333333331433333333333333333333333344410000014444233333333333333333333333144410
01444444444444442333333333333333333333331444444444444423333333333333333333333324444444444444444444444423333333333333333333333333332433333333333333333333333344444444444441333333333333333333333333144410
01444444444444442333333333333333333333331444444444444423333333333333333333333324444444444444444444444413333333333333333333333333333123333333333333333333333344444444444413333333333333333333333333144410
01444444444444442333333333333333333333331444444444444413333333333333333333333324444444444444444444444442333333333333333333333333333223333333333333333333333344444444444133333333333333333333333333144410
01444411111111142333333333333333333333332411111111111423333333333333333333333324111111111111111111111111333333333333333333333333333333333333333333333333333311111111112333333333333333333333333333144410
01444133333333333333333333333333333333333333333333333333333333333333333333333333333333333333333333333333333333333333333333333333333333333333333333333333333333333333333333333333333333333333333333144410
01444133333333333333333333333333333333333333333333333333333333333333333333333333333333333333333333333333333333333333333333333333333333333333333333333333333333333333333333333333333333333333333333144410
01444133333333333333333333333333333333333333333333333333333333333333333333333333333333333333333333333333333333333333333333333333333333333333333333333333333333333333333333333333333333333333333333144410
01444133333333333333333333333333333333333333333333333333333333333333333333333333333333333333333333333333333333333333333333333333333333333333333333333333333333333333333333333333333333333333333333144410
01444133333333333333333333333333333333333333333333333333333333333333333333333333333333333333333333333333333333333333333333333333333333333333333333333333333333333333333333333333333333333333333333144410
01444133333333333333333333333333333333333333333333333333333333333333333333333333333333333333333333333333333333333333333333333333333333333333333333333333333333333333333333333333333333333333333333144410
01444133333333333333333333333333333333333333333333333333333333333333333333333333333333333333333333333333333333333333333333333333333333333333333333333333333333333333333333333333333333333333333332444410
01444133333333333333333333333333333333333333333333333333333333333333333333333333333333333333333333333333333333333333333333333333333333333333333333333333333333333333333333333333333333333333333324444110
01444133333333333333333333333333333333333333333333333333333333333333333333333333333333333333333333333333333333333333333333333333333333333333333333333333333333333333333333333333333333333333333244444000
01444133333333333333333333333333333333333333333333333333333333333333333333333333333333333333333333333333333333333333333333333333333333333333333333333333333333333333333333333333333333333333332444440000
01444133333333333333333333333333333333333333333333333333333333333333333333333333333333333333333333333333333333333333333333333333333333333333333333333333333333333333333333333333333333333333324444400000
01444133333333333333333333333333333333333333333333333333333333333333333333333333333333333333333333333333333333333333333333333333333333333333333333333333333333333333333333333333333333333333244444000000
01444133333333333333333333333333333333333333333333333333333333333333333333333333333333333333333333333333333333333333333333333333333333333333333333333333333333333333333333333333333333333332444440000000
01444133333333333333333333333333333333333333333333333333333333333333333333333333333333333333333333333333333333333333333333333333333333333333333333333333333333333333333333333333333333333324444400000000
01444133333333333333333333333333333333333333333333333333333333333333333333333333333333333333333333333333333333333333333333333333333333333333333333333333333333333333333333333333333333333244444000000000
01444133333333333333333333333333333333333333333333333333333333333333333333333333333333333333333333333333333333333333333333333333333333333333333333333333333333333333333333333333333333332444440000000000
01444133333333333333333333333333333333333333333333333333333333333333333333333333333333333333333333333333333333333333333333333333333333333333333333333333333333333333333333333333333333324444400000000000
01444133333333333333333333333333333333333333333333333333333333333333333333333333333333333333333333333333333333333333333333333333333333333333333333333333333333333333333333333333333333244444000000000000
01444133333333333333333333333333333333333333333333333333333333333333333333333333333333333333333333333333333333333333333333333333333333333333333333333333333333333333333333333333333332444440000000000000
01444133333333333333333333333333333333333333333333333333333333333333333333333333333333333333333333333333333333333333333333333333333333333333333333333333333333333333333333333333333324444400000000000000
01444133333333333333333333333333333333333333333333333333333333333333333333333333333333333333333333333333333333333333333333333333333333333333333333333333333333333333333333333333333244444000000000000000
01444133333333333333333333333333333333333333333333333333333333333333333333333333333333333333333333333333333333333333333333333333333333333333333333333333333333333333333333333333332444440000000000000000
01444133333333333333333333333333333333333333333333333333333333333333333333333333333333333333333333333333333333333333333333333333333333333333333333333333333333333333333333333333324444400000000000000000
01444122222222222222222222222222222222222222222222222223333333333333333333333332222222222222222222222222222222222222333333333333333333333333333333333333333322222222222222222222244444000000000000000000
01444444444444444444444444444444444444444444444444444413333333333333333333333324444444444444444444444444444444444444133333333333333333333333333333333333333344444444444444444444444440000000000000000000
01444444444444444444444444444444444444444444444444444423333333333333333333333324444444444444444444444444444444444444423333333333333333333333333333333333333344444444444444444444444400000000000000000000
01444444444444444444444444444444444444444444444444444423333333333333333333333324444444444444444444444444444444444444413333333333333333333333333333333333333344444444444444444444444000000000000000000000
01111111111111111111111111111111111111111111111111144423333333333333333333333324441111111111111111111111111111111144442333333333333333333333333333333333333344441111111111111111110000000000000000000000
00000000000000000000000000000000000000000000000000044423333333333333333333333324441000000000000000000000000000000014441333333333333333333333333333333333333344410000000000000000000000000000000000000000
00000000000000000000000000000000000000000000000000044423333333333333333333333324441000000000000000000000000000000004444233333333333333333333333333333333333344410000000000000000000000000000000000000000
00000000000000000000000000000000000000000000000000044423333333333333333333333324441000000000000000000000000000000001444133333333333333333333333333333333333344410000000000000000000000000000000000000000
00000000000000000000000000000000000011111111111111144423333333333333333333333324441111111111111110000000000000000000444423333333333333333333333333333333333344410000000000000000000000000000000000000000
00000000000000000000000000000000000044444444444444444423333333333333333333333324444444444444444440000000000000000000144413333333333333333333333333333333333344410000000000000000000000000000000000000000
00000000000000000000000000000000000044444444444444444423333333333333333333333324444444444444444440000000000000000000044442333333333333333333333333333333333344410000000000000000000000000000000000000000
00000000000000000000000000000000000044444444444444444413333333333333333333333324444444444444444440000000000000000000014441333333333333333333333333333333333344410000000000000000000000000000000000000000
00000000000000000000000000000000000044442222222222222223333333333333333333333332222222222222214440000000000000000000004444233333333333333333333333333333333344410000000000000000000000000000000000000000
00000000000000000000000000000000000044443333333333333333333333333333333333333333333333333333314440000000000000000000001444433333333333333333333333333333333344410000000000000000000000000000000000000000
00000000000000000000000000000000000044443333333333333333333333333333333333333333333333333333314440000000000000000000000444423333333333333333333333333333333344410000000000000000000000000000000000000000
00000000000000000000000000000000000044443333333333333333333333333333333333333333333333333333314440000000000000000000000144443333333333333333333333333333333344410000000000000000000000000000000000000000
00000000000000000000000000000000000044443333333333333333333333333333333333333333333333333333314440000000000000000000000044442333333333333333333333333333333344410000000000000000000000000000000000000000
00000000000000000000000000000000000044443333333333333333333333333333333333333333333333333333314440000000000000000000000014444333333333333333333333333333333344410000000000000000000000000000000000000000
00000000000000000000000000000000000044443333333333333333333333333333333333333333333333333333314440000000000000000000000001444233333333333333333333333333333344410000000000000000000000000000000000000000
00000000000000000000000000000000000044443333333333333333333333333333333333333333333333333333314440000000000000000000000001444433333333333333333333333333333344410000000000000000000000000000000000000000
00000000000000000000000000000000000044443333333333333333333333333333333333333333333333333333314440000000000000000000000000144423333333333333333333333333333344410000000000000000000000000000000000000000
00000000000000000000000000000000000044443333333333333333333333333333333333333333333333333333314440000000000000000000000000144443333333333333333333333333333344410000000000000000000000000000000000000000
00000000000000000000000000000000000044443333333333333333333333333333333333333333333333333333314440000000000000000000000000014442333333333333333333333333333344410000000000000000000000000000000000000000
00000000000000000000000000000000000044443333333333333333333333333333333333333333333333333333314440000000000000000000000000014444333333333333333333333333333344410000000000000000000000000000000000000000
00000000000000000000000000000000000044443333333333333333333333333333333333333333333333333333314440000000000000000000000000001444233333333333333333333333333344410000000000000000000000000000000000000000
00000000000000000000000000000000000044443333333333333333333333333333333333333333333333333333314440000000000000000000000000001444433333333333333333333333333344410000000000000000000000000000000000000000
00000000000000000000000000000000000044443333333333333333333333333333333333333333333333333333314440000000000000000000000000000144423333333333333333333333333344410000000000000000000000000000000000000000
00000000000000000000000000000000000044443333333333333333333333333333333333333333333333333333314440000000000000000000000000000044443333333333333333333333333344410000000000000000000000000000000000000000
00000000000000000000000000000000000044443333333333333333333333333333333333333333333333333333314440000000000000000000000000000014442333333333333333333333333344410000000000000000000000000000000000000000
00000000000000000000000000000000000044443333333333333333333333333333333333333333333333333333314440000000000000000000000000000004444333333333333333333333333344410000000000000000000000000000000000000000
00000000000000000000000000000000000044443333333333333333333333333333333333333333333333333333314440000000000000000000000000000001444233333333333333333333333344410000000000000000000000000000000000000000
00000000000000000000000000000000000044443333333333333333333333333333333333333333333333333333314440000000000000000000000000000000444433333333333333333333333344410000000000000000000000000000000000000000
00000000000000000000000000000000000044443333333333333333333333333333333333333333333333333333314440000000000000000000000000000000144413333333333333333333333344410000000001111100000000000000000000000000
00000000000000000000000000000000000044443333333333333333333333333333333333333333333333333333314440000000000000000000000000000000044442333333333333333333333344410000000014111140000000000000000000000000
00000000000000000000000000000000000044443333333333333333333333333333333333333333333333333333314440000000000000000000000000000000014441333333333333333333333344410000000041111111000000000000000000000000
00000000000000000000000000000000000044443333333333333333333333333333333333333333333333333333314440000000000000000000000000000000004444233333333333333333333344410000000010111101000000000000000000000000
00000000000000000000000000000000000044441111111111111111111111111111111111111111111111111111144440000000000000000000000000000000001444411111111111111111111144410000000010144004000000000000000000000000
00000000000000000000000000000000000044444444444444444444444444444444444444444444444444444444444440000000000000000000000000000000000444444444444444444444444444410000000040101111000000000000000000000000
00000000000000000000000000000000000044444444444444444444444444444444444444444444444444444444444440000000000000000000000000000000000144444444444444444444444444410000000014100140000000000000000000000000
00000000000000000000000000000000000044444444444444444444444444444444444444444444444444444444444440000000000000000000000000000000000044444444444444444444444444410000000001414100000000000000000000000000
00000000000000000000000000000000000011111111111111111111111111111111111111111111111111111111111110000000000000000000000000000000000011111111111111111111111111110000000000111100000000000000000000000000
00000000000000000000000000000000000000000000000000000000000000000000000000000000000000000000000000000000000000000000000000000000000000000000000000000000000000000000000000000000000000000000000000000000
00000000000000000000000000000000000000000000000000000000000000000000000000000000000000000000000000000000000000000000000000000000000000000000000000000000000000000000000000000000000000000000000000000000
00000000000000000000000000000000000000000000000000000000000000000000000000000000000000000000000000000000000000000000000000000000000000000000000000000000000000000000000000000000000000000000000000000000
00000000000000000000000000000000000000000000000000000000000000000000000000000000000000000000000000000000000000000000000000000000000000000000000000000000000000000000000000000000000000000000000000000000
00000000000000000000000000000000000000000000000000000000000000000000000000000000000000000000000000000000000000000000000000000000000000000000000000000000000000000000000000000000000000000000000000000000
00000000000000000000000000000000000000000000000000000000000000000000000000000000000000000000000000000000000000000000000000000000000000000000000000000000000000000000000000000000000000000000000000000000
00000000000000000000000000000000000000000000000000000000000000000000000000000000000000000000000000000000000000000000000000000000000000000000000000000000000000000000000000000000000000000000000000000000
00000000000000000000000000000000000000000000000000000000000000000000000000000000000000000000000000000000000000000000000000000000000000000000000000000000000000000000000000000000000000000000000000000000
00000000000000000000000000000000000000000000000000000000000000000000000000000000000000000000000000000000000000000000000000000000000000000000000000000000000000000000000000000000000000000000000000000000
00000000000000000000000000000000000000000000000000000000000000000000000000000000000000000000000000000000000000000000000000000000000000000000000000000000000000000000000000000000000000000000000000000000
00000000000000000000000000000000000000000000000000000000000000000000000000000000000000000000000000000000000000000000000000000000000000000000000000000000000000000000000000000000000000000000000000000000
