DIMENSIONS: 2420 1346
NUM COLORS: 9
00000000000000000000000000000000000000000000000000000000000000000000000000000000000000000000000000000000000000000000000000000000000000000000000000000000
00000000000000000000000000000000000000000000000000000000000000000000000000000000000000000000000000000000000000000000000000000000000000000000000000000000
00000000000000000000000000000000000000000000000000000000000000000000000000000000000000000000000000000000000000000000000000000000000000000000000000000000
00000000000000000000000000000000000000000000000000000000000000000000000000000000000000000000000000000000000000000000000000000000000000000000000000000000
00000000000000000000000000000000000000000000000000000000000000000000000000000000000000000000000000000000000000000000000000000000000000000000000000000000
00000000000000000000000000000000000000000000000000000000000000000000000000000000000000000000000000000000000000000000000000000000000000000000000000000000
00000000000000000000000000000000000000000000000000000000000000000000000000000000000000000000000000000000000000000000000000000000000000000000000000000000
00000000000000000000000000000000000000000000000000000000000000000000000000000000000000000000000000000000000000000000000000000000000000000000000000000000
00000000000000000000000000000000000000000000000000000000000000000000000000000000000000000000000000000000000000000000000000000000000000000000000000000000
00000000000000000000000000000000000000000000000000000000000000000000000000000000000000000000000000000000000000000000000000000000000000000000000000000000
00000000000000000000000000000000000000000000000000000000000000000000000000000000000000000000000000000000000000000000000000000000000000000000000000000000
00000000000000000000000000000000000000000000000000000000000000000000000000000000000000000000000000000000000000000000000000000000000000000000000000000000
00000000000000000000000000000000000000000000000000000000000000000000000000000000000000000000000000000000000000000000000000000000000000000000000000000000
00000000000000000000000000000000000000000000000000000000000000000000000000000000000000000000000000000000000000000000000000000000000000000000000000000000
00000000000000000000000000000000000000000000000000000000000000000000000000000000000000000000000000000000000000000000000000000000000000000000000000000000
00000000000000000000000000000000000000000000000000000000000000000000000000000000000000000000000000000000000000000000000000000000000000000000000000000000
00000000000000000000000000000000000000000000000000000000000000000000000000000000000000000000000000000000000000000000000000000000000000000000000000000000
00000000000000000000000000000000000000000000000000000000000000000000000000000000000000000000000000000000000000000000000000000000000000000000000000000000
00000000000000000000000000000000000000000000000000000000000000000000000000000000000000000000000000000000000000000000000000000000000000000000000000000000
00000000000000000000000000000000000000000000000000000000000000000000000000000000000000000000000000000000000000000000000000000000000000000000000000000000
00000000000000000000000000000000000000000000000000000000000000000000000000000000000111100000000000000000000000000000000000000000000000000000000000000000
00000000000000000000000000000000000000000000000000000000000000000000000000000000001111110000000000000000000000000000000000000000000000000000000000000000
00000000000000000000000000000000000000000000000000000000000000000000000000000000013331111000000000000000000000000000000000000000000000000000000000000000
00000000000000000000000000000000000000000000000000000000000000000000000000000000112221111100000000000000000000000000000000000000000000000000000000000000
00000000000000000000000000000000000000000000000000000000000000000000000000000000132223111100000000000000000000000000000000000000000000000000000000000000
00000000000000000000000000000000000000000000000000000000000000000000000000000000132311111100000000000000000000000000000000000000000000000000000000000000
00000000000000000000000000000000000000000000000000000000000000000000000000000000122323111100000000000000000000000000000000000000000000000000000000000000
00000000000000000000000000000000000000000000000000000000000000000000000000000000122323111100000000000000000000000000000000000000000000000000000000000000
00000000000000000000000000000000000000000000000000000000000000000000000000000013333133111100000000000000000000000000000000000000000000000000000000000000
00000000000000000000000000000000000000000000000000000000000000000000000000027657333111111100000000000000000000000000000000000000000000000000000000000000
00000000000000000000000000000000000000000000000000000000000000000000000000266673313111111110000000000000000000000000000000000000000000000000000000000000
00000000000000000000000000000000000000000000000000000000000000000000000000667773313331111110000000000000000000000000000000000000000000000000000000000000
00000000000000000000000000000000000000000000000000000000000000000000000000567731111111111100000000000000000000000000000000000000000000000000000000000000
00000000000000000000000000000000000000000000000000000000000000000000000001367311111111111130000000000000000000000000000000000000000000000000000000000000
00000000000000000000000000000000000000000000000000000000000000000000000001177111111111111133000000000000000000000000000000000000000000000000000000000000
00000000000000000000000000000000000000000000000000000000000000000000000011131111111111111137200000000000000000000000000000000000000000000000000000000000
00000000000000000000000000000000000000000000000000000000000000000000000111122111111111111337200000000000000000000000000000000000000000000000000000000000
02000000000000000000000000000000000000000000000000000000000000000000002111241111111111111337200000000000000000000000000000000000000000000000000000000000
02222200000000000000000000000000000000000000000000000000000000000000021112221111111111111333000000000000000000000000000000000000000000000000000000000002
02022202222222200000000000000000000000000000000000000000000000000000021112221111111111111111000000000000000000000000000000000000000000000022222000000221
11111111110222222222222222222220000200000000000000000000000000000000111350111111111111111110000000000000000000000000000000000002000002022222442222222221
11111111111111002022022222222222222222222222222222020000000000000001113562011111111111001112000000000000002022002222222222222222222222222244444222222221
11111111111111111111111212022222222222222222222222222222222222222001112566531111111112021110222222222222222222222222222222222222222222222444444442222221
12111111111111111111111111111122222222222222222222222222222222222011112666677653111110221112222222222222222222222222222222222222222222224444444442222222
22222222211111111111111111111111222222222222222222222222222222222011122666676665111111021112222222222222222222222222222222222222222244244444444444422422
22222222222222222211111111111111111111132223313311111111122222222011322566676666311111121112222222222222222222222242222242222224222424444444444444444442
00222202222222222222222222221111111111113333232313311111133311122211222233337662111111121112222222222244444444444442224442444444222422444444444444444442
00000000000020002022222222222222222222222122112222111111121322223211222221111352111111121111244444444444444444444222224444444444222444444444444444444442
00000000000000000002121100021112222222222222222222111122122222222211222222113222111111121111124444444444444444222224444422222222224244444444444444444442
00000000000000000000000210222212222222222222222422222222222222222511222222222221111111121111111222222444444444444444442222222222224444444444444444444442
00000000000000000000000000222222222222222222222444444444444444444512444444444221112211121111111888224444444444444444442244222222424444444444444444444442
00000000000000000000000000000000222222222222224444444444444444444522444444442221114442231111111128224444444444444444442444222222244444444444444444444442
00000000000000000000000000000000022222222222224444444444444444444222444444222211124444421111111122244444444444444444444444422242224444444444444444444442
00000000000000000000000000200000002022222222224444444444444444444222444444222211124444423111111882244444444422224444444442444424444444444444444444444442
00000000000000000000002000000000000022222222222222222222222222242223222222222211122242227311111822444442222222224444444444444444444444444444444444444442
00000000000000000000000000020000222222222222222222222222222222222222122222222111222224227311112224424222222242242444444444444444444444444444444444444442
00200000000000000000000000000000222222222222222222222222222222222222122222222111244444217711122444422222222444444444444444444444444444444444444444444442
01000000000000000000222200022202222222222222222222222222222222222222232222221112444444313731242422222222224444444444444444444444444444444444444444444442
00000000000000020000022222222222222222222222222222222222222222222222222222221124444442113732222222222222244444444444444444444444444444444444444444444442
10000000000000000000002002021122222222222222222222222222222222222222222222231124444421111772222222222222444444444444444444444444444444224444444444444442
11111100000000000000111112221122202222222222222222222222222222222222442444231244444231113572222222222224444444424444444444444444444444224444444444444442
00001121011122222222222222122212222222222222222222222222222222222222224444222444442111122332222222222224444242224444444444444444444444444444444444444442
00201111111111222222222222222222222222222222222222222222222222222224444444222444442112222222222222222222222222222244444444444444444444442444444444444442
11211111111221121122211212211112222222222222222222222222244444444444444442224444444222222222222222222222222222222244444444444444444444444444444444444422
11111122111112222222111112222222222222222222222222224444444444444444444442224444242222222222222222233233222222332244444444444444444444442442244444444442
11111111111111111112122221222222222222222222224444444444444444444444444442224422222222222222222223333333332333222222444442244444444444422222224444244442
11111111111111111111111112222222222222222222224422444224444444444444444442222242222222222223313333333333333322232222222442444442244444222222224424444422
11111111111111111111111112222222222222222222224222222222224444444444422442222442222222222333333331133333333333322222222242244442244442222222222424424442
12211222211111111111111122222222222222222222224222222222222244444444422222222222222222233333333333133333333333333333222222222222444444222222224422222242
11122122112111111111122112222222222222222222224223322222322224444444442222222222222221333333311331333333333333333222222222222444444444222222422222222222
11121111112212221122222112222222222222222222224442222222222224444444455222222223333133333333333333333333333233222222222222224444444444222222222222222222
11111111122221222121222211222222222222222222224444444222322224444444222222222333333333333333333333333333333333322222222442444444444444222222222222222222
11111111111121111111222211222222222222222222224444444444444424444452522222233333333333333333333333333333333322222222222222444444444444222222222222222222
11111111111111111111122221111222222222222222224444444444444222222552222222333333333333333333333333333333333323222222222242244444444444422222222222222223
11111111111111111111112222112212222222222222224444444444222222222222222223333333333333333333333333333333333332222222222222222444424444442222222222222223
11111111221111111111121222221111222222222222224444244222222222223333133333333333333333333333333333333323333222222222222222222244224444442222222222222222
11111111111111111222222222222111111322222222224222222222222333311333333333333333333333333333333333333332222222222222222222222222224444422222222222222222
11111111111111112212222222222211111111333222222222332333311111333333333333333333333333333333333333333333222222222222222222222222224442222442222222332223
11111111111111111111112222222222111111111111111111111111113333333333333333333333333333333333333333333333333222222222222222222224444224444442222222222223
11111111111111111111111222222222221111111111111111111133333333333333333333333333333333333333333333332333332222222222222222222244444444444422222222222223
11111111111111111111111222222222222333311111111333333333333333333333333333333333333333333333333333333332222222222222422222222244444444444222222222222233
11111111111111111111112122222222222333333333333333333333333333333333333333333333333333333333333333332222222222222222222222222244444444442222222222222223
11111111111111111111111122222222222333333333333333333333333333333333333333333333333333333333333333222222222222222222222222222442444444444242222222222223
11111111111111111111111122222222223333333333333333333333333333333333333333333333333333333333333332222222222222222222222222222244444444444444222222222223
11111111111111111111111112222222223333333333333333333333333333333333333333333333333333333333333322222222222222222222222222222444444444444444224422222222



































































