DIMENSIONS: 2420 1346
NUM COLORS: 7
00000000000000000000000000000000000000000000000000000000000000000000000000000000000000000000000000000000000000000000000000000000000000000000000000000000
00000000000000000000000000000000000000000000000000000000000000000000000000000000000000000000000000000000000000000000000000000000000000000000000000000000
00000000000000000000000000000000000000000000000000000000000000000000000000000000000000000000000000000000000000000000000000000000000000000000000000000000
00000000000000000000000000000000000000000000000000000000000000000000000000000000000000000000000000000000000000000000000000000000000000000000000000000000
00000000000000000000000000000000000000000000000000000000000000000000000000000000000000000000000000000000000000000000000000000000000000000000000000000000
00000000000000000000000000000000000000000000000000000000000000000000000000000000000000000000000000000000000000000000000000000000000000000000000000000000
00000000000000000000000000000000000000000000000000000000000000000000000000000000000000000000000000000000000000000000000000000000000000000000000000000000
00000000000000000000000000000000000000000000000000000000000000000000000000000000000000000000000000000000000000000000000000000000000000000000000000000000
00000000000000000000000000000000000000000000000000000000000000000000000000000000000000000000000000000000000000000000000000000000000000000000000000000000
00000000000000000000000000000000000000000000000000000000000000000000000000000000000000000000000000000000000000000000000000000000000000000000000000000000
00000000000000000000000000000000000000000000000000000000000000000000000000000000000000000000000000000000000000000000000000000000000000000000000000000000
00000000000000000000000000000000000000000000000000000000000000000000000000000000000000000000000000000000000000000000000000000000000000000000000000000000
00000000000000000000000000000000000000000000000000000000000000000000000000000000000000000000000000000000000000000000000000000000000000000000000000000000
00000000000000000000000000000000000000000000000000000000000000000000000000000000000000000000000000000000000000000000000000000000000000000000000000000000
00000000000000000000000000000000000000000000000000000000000000000000000000000000000000000000000000000000000000000000000000000000000000000000000000000000
00000000000000000000000000000000000000000000000000000000000000000000000000000000000000000000000000000000000000000000000000000000000000000000000000000000
00000000000000000000000000000000000000000000000000000000000000000000000000000000000000000000000000000000000000000000000000000000000000000000000000000000
00000000000000000000000000000000000000000000000000000000000000000000000000000000000000000000000000000000000000000000000000000000000000000000000000000000
00000000000000000000000000000000000000000000000000000000000000000000000000000000000000000000000000000000000000000000000000000000000000000000000000000000
00000000000000000000000000000000000000000000000000000000000000000000000000000000000000000000000000000000000000000000000000000000000000000000000000000000
00000000000000000000000000000000000000000000000000000000000000000000000000000000000033000000000000000000000000000000000000000000000000000000000000000000
00000000000000000000000000000000000000000000000000000000000000000000000000000000003333330000000000000000000000000000000000000000000000000000000000000000
00000000000000000000000000000000000000000000000000000000000000000000000000000000031113333000000000000000000000000000000000000000000000000000000000000000
00000000000000000000000000000000000000000000000000000000000000000000000000000000032211333300000000000000000000000000000000000000000000000000000000000000
00000000000000000000000000000000000000000000000000000000000000000000000000000000311111333300000000000000000000000000000000000000000000000000000000000000
00000000000000000000000000000000000000000000000000000000000000000000000000000000311113333300000000000000000000000000000000000000000000000000000000000000
00000000000000000000000000000000000000000000000000000000000000000000000000000000311111333300000000000000000000000000000000000000000000000000000000000000
00000000000000000000000000000000000000000000000000000000000000000000000000000000111111333300000000000000000000000000000000000000000000000000000000000000
00000000000000000000000000000000000000000000000000000000000000000000000000000033111311333300000000000000000000000000000000000000000000000000000000000000
00000000000000000000000000000000000000000000000000000000000000000000000000011444111333333300000000000000000000000000000000000000000000000000000000000000
00000000000000000000000000000000000000000000000000000000000000000000000000244441131333333330000000000000000000000000000000000000000000000000000000000000
00000000000000000000000000000000000000000000000000000000000000000000000000444441131333333300000000000000000000000000000000000000000000000000000000000000
00000000000000000000000000000000000000000000000000000000000000000000000000444413333333333300000000000000000000000000000000000000000000000000000000000000
00000000000000000000000000000000000000000000000000000000000000000000000001144133333333333330000000000000000000000000000000000000000000000000000000000000
00000000000000000000000000000000000000000000000000000000000000000000000013341333333333333311000000000000000000000000000000000000000000000000000000000000
00000000000000000000000000000000000000000000000000000000000000000000000033311333333333333315000000000000000000000000000000000000000000000000000000000000
00000000000000000000000000000000000000000000000000000000000000000000000133121333333333333115100000000000000000000000000000000000000000000000000000000000
00000000000000000000000000000000000000000000000000000000000000000000002333221333333333333115000000000000000000000000000000000000000000000000000000000000
00000000000000000000000000000000000000000000000000000000000000000000011332221333333333333311000000000000000000000000000000000000000000000000000000000000
01100000000000000000000000000000000000000000000000000000000000000000013332211333333333333333000000000000000000000000000000000000000000000000200000000001
01111111000000000000000000000000000000000000000000000000000000000000033121133333333333303331000000000000000000000000000000000000000000000002222000000001
01111111111111100000000000000000000000000000000000000000000000000000333441003333333333003331000000000000000000000000000000000000000000022222222200000001
01111111111111111111111111010000000000000000000000000000000000000003331444413333333310003330000000000000000000000000000000000000000222222222222220000001
11111111111111111111111111111111112222222200000000000000000000000003312444414413333330013330000000000000000000000000000022222222222222222222222222222221
11111111111111111111111111111111111111122222212200111110200222202003322444444444333333023330002022222222222222222222222222222222222222222222222222222221
11111111111111111111111111111111111111111111111111111111111111122033122244444444133333313330222222222222222222222222222222222222222222222222222222222221
11111111111111111111111111111111111111111111111111111111111111111133122211114442133333313330222222222222222222222222222222222222222222222222222222222221
11011111111111111111111111111111111111111111111111111111111111111133111111333122333333313333122222222222222222222222222222222222222222222222222222222221
00000000000000011111111000111111112222222211111111111111111111112233111111111121333333313333312222222222222222222222222222222222222222222222222222222221
00000000000000000000011111111111122222222222222221122121111111112233111122111221333333323333331112222222222222222222222222222211222222222222222222222221
00000000000000000000000010111111122222222222222222222222222222222231222222222213331111313333333666212222222222222222222222222212222222222222222222222221
00000000001000000000001000000100122222222222222222222222222222222211222222222213332222113333333616222222222222222222222222222222222222222222222222222221
00000001000000000000000000100000011112222222222222222222222222222211222222222233312222213333333121222222222222222222222222222222222222222222222222222221
10010001000011110000001111111000011011111111122222222222222222222221222222222133322222211333333661222222222222222222222222222222222222222222222222222221
11111111100001100111101111110000000111111111111112222211222222222221122211122133122222224333333662222222221111222222222222222222222222222222222222222221
11111111111000000011110001111001111111111111111111111111111111112211111111112333122222214133331622222221111222222222222222222222222222222222222222222221
11111111111000000011111111111111111111111111111111111111111111112211111111111331222222231433312222211111112222222222222222222222222222222222222222222221
11111111111111111111111111111111111111111111111111111111111111111111111111111332222222131413222222211111122222222222222222222222222222222222222222222221
11111100000110111111111111111111111111111111111111111111111111111121211121113312222221331412222211111112122222222222222222222222222222222222222222222221
11111000000000000111111111111111111111111111111111111111111111111111122222213322222221333441221111111112222222222222222222222222222222222222222222222221
11111111111111101111111111111111111111111111111111111111111111111222222222213122222213331441111111111222222222212222222222222222222222222222222222222221
11111111111111111111111111111111111111111111111111111111111111111222222222221222222133312111111111112222222222222222222222222222222222222222222222222221
11111111111111111111111111111111111111111111111111111111111111122222222222222222222331112211111111111122222212222222222222222222222222222222222222222221
11111111111111111111111111111111111111111111111112222222222222222222222222212222222112222111111111111111112212211122222222222222222222222222222222222221
11111111111111111111111111111111111111111111111222222222222222222222222222212222222222122211111111111111111111111122222222222222222222222222222222222221
11111111111111111111111111111111112222222222222222222222222222222222222222212222222222111111111111111111111111111112222222222222222222222222222222222221
11111111111111111111111111122222222222222222222222222222222222222222222222212222222222212111111111111111111111111112222222222222222222222222222222222221
11111111111111111111111112222222222222222222222211121121122222222222222222222222222222211111111111111111111111111111112222222222222222222222222222222221
11111111111111111111111112222222222222222222222211111111111122222222222222222222222211111111111111111111111111111111111222222222222222222212222222222221
11111111111111111111111112222222222222222222222211111111111122222222222222222222111111111111111111111111111111111111122222222222222222222222222222222221
11111111111111111111111111222222222222222222222221211111112122222222222222111111111111111111111111111111111111111112222222222222222222221222222211112221
11111111111111111111111111122222222222222222222222222221121222222222222111211111111111111111111111111111111111111222222222222222222222211222221111112221
11111111111111111111111111112222222222222222222222222222222222222222221122111111111111111111111111111111111111112222222222222222222222222222211111121221
11111111111111111111111111111122222222222222222222222222222222222222112221111111111111111111111111111111111111111122222222222222222222222221111112222221
11111111111111111111111111111112222222222222222222222222222222222221221111311111111111111111111111111111111111111111112222222222222222222211111112122111
11111111111111111111111111111111122222222222222222222222222222211111111111111111111111111111111111111111111111111111111111122222222222222211112222121111
11111111111111111111111111111133133112222222222222222222111111133111111111111111111111111111111111111111111111111222111111111221112222222222222111111111
11111111111111111111111111111113333333311122222211112111133333111111111111111111111111111111111111111111111111112221111111111111222222222222222111111111
11111111111111111111111111111111133333333333333333333333331111111111111111111111111111111111111111111111111111122211222222211122222222222222211111111111
11111111111111111111111111111111111333333333333333333311111111111111111111111111111111111111111111111111111111121111222222221122222222222222222111111111
11111111111111111111111111111111111111333333333311111111111111111111111111111111111111111111111111111111111111111122222222222222222222222222221111111111
11111111111111111111111111111111111111111111111111111111111111111111111111111111111111111111111111111111112221111112222112222222222222222222222111111111
11111111111111111111111111111111111111111111111111111111111111111111111111111111111111111111111111111111111222211111111111222222222222222222222211111111
11111111111111111111111111111111111111111111111111111111111111111111111111111111111111111111111111111111211222211111111111122222222222222222222221111221
11111111111111111111111111111111111111111111111111111111111111111111111111111111111111111111111111111111121211111111111111122222222222222222222221111221



































































