DIMENSIONS: 2420 1346
NUM COLORS: 6
00000000000000000000000000000000000000000000000000000000000000000000000000000000000000000000000000000000000000000000000000000000000000000000000000000000000000000000000000000000000000000000000000000000000000000000000000000000000000000000000000
00000000000000000000000000000000000000000000000000000000000000000000000000000000000000000000000000000000000000000000000000000000000000000000000000000000000000000000000000000000000000000000000000000000000000000000000000000000000000000000000000
00000000000000000000000000000000000000000000000000000000000000000000000000000000000000000000000000000000000000000000000000000000000000000000000000000000000000000000000000000000000000000000000000000000000000000000000000000000000000000000000000
00000000000000000000000000000000000000000000000000000000000000000000000000000000000000000000000000000000000000000000000000000000000000000000000000000000000000000000000000000000000000000000000000000000000000000000000000000000000000000000000000
00000000000000000000000000000000000000000000000000000000000000000000000000000000000000000000000000000000000000000000000000000000000000000000000000000000000000000000000000000000000000000000000000000000000000000000000000000000000000000000000000
00000000000000000000000000000000000000000000000000000000000000000000000000000000000000000000000000000000000000000000000000000000000000000000000000000000000000000000000000000000000000000000000000000000000000000000000000000000000000000000000000
00000000000000000000000000000000000000000000000000000000000000000000000000000000000000000000000000000000000000000000000000000000000000000000000000000000000000000000000000000000000000000000000000000000000000000000000000000000000000000000000000
00000000000000000000000000000000000000000000000000000000000000000000000000000000000000000000000000000000000000000000000000000000000000000000000000000000000000000000000000000000000000000000000000000000000000000000000000000000000000000000000000
00000000000000000000000000000000000000000000000000000000000000000000000000000000000000000000000000000000000000000000000000000000000000000000000000000000000000000000000000000000000000000000000000000000000000000000000000000000000000000000000000
00000000000000000000000000000000000000000000000000000000000000000000000000000000000000000000000000000000000000000000000000000000000000000000000000000000000000000000000000000000000000000000000000000000000000000000000000000000000000000000000000
00000000000000000000000000000000000000000000000000000000000000000000000000000000000000000000000000000000000000000000000000000000000000000000000000000000000000000000000000000000000000000000000000000000000000000000000000000000000000000000000000
00000000000000000000000000000000000000000000000000000000000000000000000000000000000000000000000000000000000000000000000000000000000000000000000000000000000000000000000000000000000000000000000000000000000000000000000000000000000000000000000000
00000000000000000000000000000000000000000000000000000000000000000000000000000000000000000000000000000000000000000000000000000000000000000000000000000000000000000000000000000000000000000000000000000000000000000000000000000000000000000000000000
00000000000000000000000000000000000000000000000000000000000000000000000000000000000000000000000000000000000000000000000000000000000000000000000000000000000000000000000000000000000000000000000000000000000000000000000000000000000000000000000000
00000000000000000000000000000000000000000000000000000000000000000000000000000000000000000000000000000000000000000000000000000000000000000000000000000000000000000000000000000000000000000000000000000000000000000000000000000000000000000000000000
00000000000000000000000000000000000000000000000000000000000000000000000000000000000000000000000000000000000000000000000000000000000000000000000000000000000000000000000000000000000000000000000000000000000000000000000000000000000000000000000000
00000000000000000000000000000000000000000000000000000000000000000000000000000000000000000000000000000000000000000000000000000000000000000000000000000000000000000000000000000000000000000000000000000000000000000000000000000000000000000000000000
00000000000000000000000000000000000000000000000000000000000000000000000000000000000000000000000000000000000000000000000000000000000000000000000000000000000000000000000000000000000000000000000000000000000000000000000000000000000000000000000000
00000000000000000000000000000000000000000000000000000000000000000000000000000000000000000000000000000000000000000000000000000000000000000000000000000000000000000000000000000000000000000000000000000000000000000000000000000000000000000000000000
00000000000000000000000000000000000000000000000000000000000000000000000000000000000000000000000000000000000000000000000000000000000000000000000000000000000000000000000000000000000000000000000000000000000000000000000000000000000000000000000000
00000000000000000000000000000000000000000000000000000000000000000000000000000000000000000000000000000000000000000000000000000000000000000000000000000000000000000000000000000000000000000000000000000000000000000000000000000000000000000000000000
00000000000000000000000000000000000000000000000000000000000000000000000000000000000000000000000000000000000000000000000000000000000000000000000000000000000000000000000000000000000000000000000000000000000000000000000000000000000000000000000000
00000000000000000000000000000000000000000000000000000000000000000000000000000000000000000000000000000000000000000000000000000000000000000000000000000000000000000000000000000000000000000000000000000000000000000000000000000000000000000000000000
00000000000000000000000000000000000000000000000000000000000000000000000000000000000000000000000000000000000000000000000000000000000000000000000000000000000000000000000000000000000000000000000000000000000000000000000000000000000000000000000000
00000000000000000000000000000000000000000000000000000000000000000000000000000000000000000000000000000000000000000000000000000000000000000000000000000000000000000000000000000000000000000000000000000000000000000000000000000000000000000000000000
00000000000000000000000000000000000000000000000000000000000000000000000000000000000000000000000000000000000000000000000000000000000000000000000000000000000000000000000000000000000000000000000000000000000000000000000000000000000000000000000000
00000000000000000000000000000000000000000000000000000000000000000000000000000000000000000000000000000000000000000000000000000000000000000000000000000000000000000000000000000000000000000000000000000000000000000000000000000000000000000000000000
00000000000000000000000000000000000000000000000000000000000000000000000000000000000000000000000000000000000000000000000000000000000000000000000000000000000000000000000000000000000000000000000000000000000000000000000000000000000000000000000000
00000000000000000000000000000000000000000000000000000000000000000000000000000000000000000000000000000000000000000000000000000000000000000000000000000000000000000000000000000000000000000000000000000000000000000000000000000000000000000000000000
00000000000000000000000000000000000000000000000000000000000000000000000000000000000000000000000000000000000000000000000000000000000000000000000000000000000000000000000000000000000000000000000000000000000000000000000000000000000000000000000000
00000000000000000000000000000000000000000000000000000000000000000000000000000000000000000000000000000000000000000000000000000000000000000000000000000000000000000000000000000000000000000000000000000000000000000000000000000000000000000000000000
00000000000000000000000000000000000000000000000000000000000000000000000000000000000000000000000000000000000000000000000000000000000000000000000000000000000000000000000000000000000000000000000000000000000000000000000000000000000000000000000000
00000000000000000000000000000000000000000000000000000000000000000000000000000000000000000000000000000000000000000000000000000000000000000000000000000000000000000000000000000000000000000000000000000000000000000000000000000000000000000000000000
00000000000000000000000000000000000000000000000000000000000000000000000000000000000000000000000000000000000000000000000000000000000011111111000000000000000000000000000000000000000000000000000000000000000000000000000000000000000000000000000000
00000000000000000000000000000000000000000000000000000000000000000000000000000000000000000000000000000000000000000000000000000000001111111111100000000000000000000000000000000000000000000000000000000000000000000000000000000000000000000000000000
00000000000000000000000000000000000000000000000000000000000000000000000000000000000000000000000000000000000000000000000000000000011111111111110000000000000000000000000000000000000000000000000000000000000000000000000000000000000000000000000000
00000000000000000000000000000000000000000000000000000000000000000000000000000000000000000000000000000000000000000000000000000000011222221111111000000000000000000000000000000000000000000000000000000000000000000000000000000000000000000000000000
00000000000000000000000000000000000000000000000000000000000000000000000000000000000000000000000000000000000000000000000000000000011222221111111100000000000000000000000000000000000000000000000000000000000000000000000000000000000000000000000000
00000000000000000000000000000000000000000000000000000000000000000000000000000000000000000000000000000000000000000000000000000000112222222111111100000000000000000000000000000000000000000000000000000000000000000000000000000000000000000000000000
00000000000000000000000000000000000000000000000000000000000000000000000000000000000000000000000000000000000000000000000000000000012222222111111100000000000000000000000000000000000000000000000000000000000000000000000000000000000000000000000000
00000000000000000000000000000000000000000000000000000000000000000000000000000000000000000000000000000000000000000000000000000000112222111111111100000000000000000000000000000000000000000000000000000000000000000000000000000000000000000000000000
00000000000000000000000000000000000000000000000000000000000000000000000000000000000000000000000000000000000000000000000000000000111221111111111100000000000000000000000000000000000000000000000000000000000000000000000000000000000000000000000000
00000000000000000000000000000000000000000000000000000000000000000000000000000000000000000000000000000000000000000000000000000000112221221111111100000000000000000000000000000000000000000000000000000000000000000000000000000000000000000000000000
00000000000000000000000000000000000000000000000000000000000000000000000000000000000000000000000000000000000000000000000000000000122221222111111100000000000000000000000000000000000000000000000000000000000000000000000000000000000000000000000000
00000000000000000000000000000000000000000000000000000000000000000000000000000000000000000000000000000000000000000000000000000001122221122111111100000000000000000000000000000000000000000000000000000000000000000000000000000000000000000000000000
00000000000000000000000000000000000000000000000000000000000000000000000000000000000000000000000000000000000000000000000000001111422211111111111100000000000000000000000000000000000000000000000000000000000000000000000000000000000000000000000000
00000000000000000000000000000000000000000000000000000000000000000000000000000000000000000000000000000000000000000000000000043433414211111111111110000000000000000000000000000000000000000000000000000000000000000000000000000000000000000000000000
00000000000000000000000000000000000000000000000000000000000000000000000000000000000000000000000000000000000000000000000003333333412221111111111110000000000000000000000000000000000000000000000000000000000000000000000000000000000000000000000000
00000000000000000000000000000000000000000000000000000000000000000000000000000000000000000000000000000000000000000000000233333334411121111111111110000000000000000000000000000000000000000000000000000000000000000000000000000000000000000000000000
00000000000000000000000000000000000000000000000000000000000000000000000000000000000000000000000000000000000000000000002333333344341211111111111110000000000000000000000000000000000000000000000000000000000000000000000000000000000000000000000000
00000000000000000000000000000000000000000000000000000000000000000000000000000000000000000000000000000000000000000000003333333334411111111111111110000000000000000000000000000000000000000000000000000000000000000000000000000000000000000000000000
00000000000000000000000000000000000000000000000000000000000000000000000000000000000000000000000000000000000000000000003333334441111111111111111110000000000000000000000000000000000000000000000000000000000000000000000000000000000000000000000000
00000000000000000000000000000000000000000000000000000000000000000000000000000000000000000000000000000000000000000000004333334411111111111111111110000000000000000000000000000000000000000000000000000000000000000000000000000000000000000000000000
00000000000000000000000000000000000000000000000000000000000000000000000000000000000000000000000000000000000000000000001333334111111111111111111444000000000000000000000000000000000000000000000000000000000000000000000000000000000000000000000000
00000000000000000000000000000000000000000000000000000000000000000000000000000000000000000000000000000000000000000000011433341111111111111111111444200000000000000000000000000000000000000000000000000000000000000000000000000000000000000000000000
00000000000000000000000000000000000000000000000000000000000000000000000000000000000000000000000000000000000000000000111433411111111111111111111444300000000000000000000000000000000000000000000000000000000000000000000000000000000000000000000000
00000000000000000000000000000000000000000000000000000000000000000000000000000000000000000000000000000000000000000000111132111111111111111111111444320000000000000000000000000000000000000000000000000000000000000000000000000000000000000000000000
00000000000000000000000000000000000000000000000000000000000000000000000000000000000000000000000000000000000000000001111122111111111111111111111444320000000000000000000000000000000000000000000000000000000000000000000000000000000000000000000000
00000000000000000000000000000000000000000000000000000000000000000000000000000000000000000000000000000000000000000211111222111111111111111111111444330000000000000000000000000000000000000000000000000000000000000000000000000000000000000000000000
00000000000000000000000000000000000000000000000000000000000000000000000000000000000000000000000000000000000000002211111222111111111111111111111444320000000000000000000000000000000000000000000000000000000000000000000000000000000000000000000000
00000000000000000000000000000000000000000000000000000000000000000000000000000000000000000000000000000000000000012211112222111111111111111111111443320000000000000000000000000000000000000000000000000000000000000000000000000000000000000000000000
02200000000000000000000000000000000000000000000000000000000000000000000000000000000000000000000000000000000000000111122220111111111111111111111444400000000000000000000000000000000000000000000000000000000000000000000000000000000000000000000000
00222200000000000000000000000000000000000000000000000000000000000000000000000000000000000000000000000000000000221111122220011111111111111111111441100000000000000000000000000000000000000000000000000000000000000000000000000000000000000000000000
01010020000000220000000000000000000000000000000000000000000000000000000000000000000000000000000000000000000000211111122200111111111111111111111111100000000000000000000000000000000000000000000000000000000000000000000000000022222200000000000222
01111111111111100022000000000000000000000000000000000000000000000000000000000000000000000000000000000000000001111143202011011111111111111111111111000000000000000000000000000000000000000000000000000000000000000000000000000022222222222222220000
11111111111111111000002220220222200000200000000000000000000000000000000000000000000000000000000000000000000011111133300111111111111111111100011111200000000000000000000000000000000000000000000000000000000000000000000000222222222222222000000000
11111111111111111111110102200200100022222222222222222022000020000000000000000000000000000000000000000000000111111333320000111111111111111000011111200000000000000000000000000000000000000000000200000000000000002000222222222222222222222000020022
11111111111111111111111111211111111112000222222222222222222222222222202222000000000000000000000000000000000011111333333221111111111111102000011111200000000000000000000000000000000000000000000000000000020222222222222222222222222222222222222222
11111111111111111111111111111211111112111110002222222222222222222222222222222222222002222220200022222220001111112333333334444111111111100022011111200000000020000020000222220000222222202222222222222222222222222222222222222222222222222222222222
12211111111111111111111111111111111111111112111102222222222222222222222222222222222222222222222222222222001111122333333334333341111111110222211111222222222222222222222222222222222222222222222222222222222222222222222222222222222222222222222222
22222221111111111111111111111111111111111111110111222222222222222222222222222222222222222222222222222222001111222333333334333332111111111022211111222222222222222222222222222222222222222222222222222222222222222222222222222222222222222222222222
22222222222222221111111111111111111111111111111121112212222222222222222222222222000022222222222222222222001111222233333333333333411111111102211111222222222222222222222222222222222222222222222222222222222222222222222222222222222222222222222222
22222222222222222222222222111111111111111111111111111122222121122222221111121111111111111022222222222222011111222233333333333333211111111111211111222222222222222222222222222222222222222222222222222222222222222222222222222222222222222222222222
00000000022222222222222222222222221111111111111111111111111111112222222211221211111111111112222221122222011112222223333333333333211111111111211111222222222222222222222222222222222222222222222222222222222222222222222222222222222222222222222222
00000000000000000002222222222222222222222222221111111111111111111211122212221222222111111112221111111112211112222222444444333322111111111111211111222222222222222222222222222222222222222222222222222222222222222222222222222222222222222222222222
00000000000000000000000000000022222222222222222222222222211122221212222111221222121111111111122222222212211112222222211111443322111111111111211111122222222222222222222222222222222222222222222222222222222222222222222222222222222222222222222222
00000000000000000000000000000000022000002222212222222222222222222222222222222112111111111112211221122222311112222222221111112222111111111112211111112222222222222222222222222222222222222222222222222222222222222222222222222222222222222222222222
00000000000000000000000000000000200010000000011102222222222222222222222222222222211111221212122222222223311112222222222111122222111111111112211111111022222222222222222222222222222222222222222222222222222222222222222222222222222222222222222222
00000000000000000000000000000000000000100001111111102222222222222222222222222222122222222222222222222223301122222222222222222221111111111112211111111112222222222222222222222222222222222222222222222222222222222222222222222222222222222222222222
00000000000000000000000000000000000000000102222222222222222222222222222222222222222222222222222222222223321122222222222222222221111111111112211111111111222222222222222222222222222222222222222222222222222222222222222222222222222222222222222222
00000000000000000000000000000000000000000000222222222222222222222222222222222222222222222222222222222223321122222222222222222211111122111111211111111111555552222222222222222222222222222222222222222222222222222222222222222222222222222222222222
00000000000000000000000000000000000000000000000000022222222222222222222222222222222222222222222222222223321122222222222222222211111222222111211111111111152552222222222222222222222222222222222222222222222222222222222222222222222222222222222222
00000000000000000000000000000000000000000000000000002222222222222222222222222222222222222222222222222223322122222222222222222211111222222222111111111111152552222222222222222222222222222222222222222222222222222222222222222222222222222222222222
00000000000000000000000000000000000000000000000000000222222222222222222222222222222222222222222222222222222222222222222222222111112222222222211111111111122552222222222222222222222222222222222222222222222222222222222222222222222222222222222222
00000000000000000000000000000000000000000000000000000022222222222222222222222222222222222222222222222222222222222222222222222111112222222222211111111111122222222222222222222222222222222222222222222222222222222222222222222222222222222222222222
00000000000000000000000000000000000000000000000000000000002222222222222222222222222222222222222222222222222222222222222222222111112222222222221111111111555522222222222222222222222222222222222222222222222222222222222222222222222222222222222222
00000000000000000000000000000000000000000000000000000000000000022222222222222222222222222222222222222222222222222222222222221111122222222222234111111111555522222222222222222222222222222222222222222222222222222222222222222222222222222222222222
00000000000000000000000000000000000000000000000000000000000000002222222222222222222222222222222222222222222212222222222222221111122222222222233111111115555222222222222222222222222222222222222222222222222222222222222222222222222222222222222222
00000000000000000000000000000000000000000000000000000000002220222222222222222222222222222222222222222222222221222222222222221111222222222222233411111115552222222222222222222222222222222222222222222222222222222222222222222222222222222222222222
00000000000000000000000000000000000000000000000000000000022220222222222222222222222222222222222222222222222221222222222222211111222222222222133411111125222222222222222222222222222222222222222222222222222222222222222222222222222222222222222222
00000000000000000000000000000000000000000000000000000000022222222222222222222222222222222222222222222222222221122222222222211112222222222221143311111222222222222222222222222222222222222222222222222222222222222222222222222222222222222222222222
00000000000000000000000000000000000000000000000000000000022022222222222222222222222222222222222222222222222221122222222222111112222222222221143341112222222222222222222222222222222222222222222222222222222222222222222222222222222222222222222222
00000000000000000000000000000000000000000000000000022222222002222222222222222222222222222222222222222222222222212222222222111122222222222211143341122222222222222222222222222222222222222222222222222222222222222222222222222222222222222222222222
00000000000000000000000000000000000000000000200000222222222222222222222222222222222222222222222222222222222222222222222221111122222222222111143331222222222222222222222222222222222222222222222222222222222222222222222222222222222222222222222222
00000000000000000000000000000000000000000002200000002022022222222222222222222200222222202222222222222222222222222222222221111222222222222111113331222222222222222222222222222222222222222222222222222222222222222222222222222222222222222222222222
00000000000000000000000000000000000000000000001000000000022022222222222222222222222222222222222222222222222222222222222221111222222222221111113334222222222222222222222222222222222222222222222222222222222222222222222222222222222222222222222222
00000000100000000000000000000000000000000000000000202000222020220222200022222222222222222222222222222222222222222222222221112222222222211111113334222222222222222222222222222222222222222222222222222222222222222222222222222222222222222222222222
00000001100000000000000000000000000000000000000000000002222000222222220222222222222222222222222222222222222222222222222222122222222222111111123334222222222222222222222222222222222222222222222222222222222222222222222222222222222222222222222222
00000000000000000000000000000002220000022000000000000000000000022222222222222222222222222222222222222222222222222222222222222222222221111111222221222222222222222222222222222222222222222222222222222222222222222222222222222222222222222222222222
00000000000000000000002000000000000202222222000200002222222222222222222222222222222222222222222222222222222222222222222222222222222221111112222221222222222222222222222222222222222222222222222222222222222222222222222222222222222222222222222222
00000000000000000000000020000000002000000000000200220222222222222222222222222222222222222222222222222222222222222222222222222222222221112222222222222222222222222222222222222222222222222222222222222222222222222222222222222222222222222222222222
11000000000000000000000000000000000000200000000000020022222222222222222222222222222222222222222222222222222222222222222222222222222222222222222222222222222222222222222222222222222222222222222222222222222222222222222222222222222222222222222222
00000000000000000000000000000002211111000000000000020000002222222222222222222222222222222222222222222222222222222222222222222222222222222222222222222222222222222222222222222222222222222222222222222222222222222222222222222222222222222222222222
00022202000002000010000000000000100000000000000000220222222222222222222222222222222222222222222222222222222222222222222222222222222222222222222222222222222222222222112222222222222222222222222222222222222222222222222222222222222222222222222222
11111111111111200000000000000000000000000000022002222222222222222222222222222222222222222222222222222222222222222222222222222222222222222222222222222222222214221111111122222222222222222222222222222222222222222222222222222222222222222222222222
22211111111111111122100011000001100000211100222222222222222222222222222222222222222222222222222222222222222222222222222222222222222222222222222222222412122111411111111112222222222222222222222222222222222222222222222222222222222222222222222222
21111111111111222111111111121212222221112222222222222222222222222222222222222222222222222222222222222222222222222222222222222222222222222222222222111111124111111122111121222222222222222222222222222222222222222222222222222222222222222222222222
22222221112222211122111111111121111111112222222222222222222222222222222222222222222222222222222222222222222222222222222222222222222222222222222224111111111111111111111211112222222222222222222222222222222222222222222222222222222222222222222222
21112222222121111211111111111222121111122222222222222222222222222222222222222222222222222222222222222222222222222222222222222222222222222222224444444111111111111111111111111122222222222222222222222222222222222222222222222222222222222222222222
22222211222222221111211111112212222221122222222222222222222222222222222222222222222222222222222222222222222222222222222222222222222222222222224444444414111111141111111111122221221222212222222222222222222222222222222222222222222222222222222222
02221222222222222211112222221112222111122222222222222222222222222222222222222222221122221122222222222222222222222222222222222222222222222211444444441111111111111111112222222222222222222222222222222222222222222222222222222222222222222222222222
21211222222222222000111112222111122221112222222222222222222222222222222222222212222222222222222222222222222222222222222222222222222222211114224444441111144112222111111122221122221222222222222222222222222222222222222222222222222222222222222222
11112221112221112000022222212222222221111222222222222222222222222222222222222222222222222222222222222222222222222222222222222222222211111444444444444111114441111111114112222222222222222222222222222222222222222222222222222222222222222222222222
22211111112112222222202210022220222221111222222222222222222222222222222222222222222222222222222222222222222222222222222222222222222441444444444444444441111414444444444444122222222222222222222222222222222222222222222222222222222222222222222222
11211111222112222222022220002200222222112122222222222222222222222222222222222222222222222222222222222222222222222222222222222222444144444444444444444444411111111444444444111111222222222222222222222222222222222222222222222222222222122222222222
22212211111111121112002222211222222222212212222222222222222222222222222222222222222222222222222222222222222222222222222222244444444444444441444444444444444111114444444444222222222222222222222222222222222222222222222222222222222222222212222222
11111111111111111222211111111221222222221221122222222222222222222222222222222222222222222222222222222222222222222222222224444444224444444444444444444444444411144444444442222222222222222222222222222222222222222222222222222222222222222222222222
21211111111111111111121111121111212222221122112222222222222222222222222222222222222222222222222222222222222222222222222444414444444444444444444444444444444411111114442222222222222222222222222222222222222222222222222222222222222222222222222222
21111111212111111211111111122222121222222111111222222222222222222222222222222222222222222222222222222222222222222222224444444444444444444444444444444444444411111122222222222222222222222222222222222222222222222222222222222222222222222222222222
11122111111111122111111111122222121122222211222211222222222222222222222222222222222222222222222222222222222222222222244444444444444444444444444444444444444411112222222222222222222222222222222222222222222222222222222222222222222222222222222222
12221111111112221111111111111222222212222222211111112222222222222222222222222222222222222222222222222222222111111244444444444444444444444444444444444424444441112222222222222222222222222222222222222222222222222222222222222222222222222222222222
22111111111112221111112212222111112212222222211111112222222222222222222222222222222222222222222222222221111111111244444444444444444444444444444444444444412114112222222222222222222222222222222222222222222222222222222222222222222222222222222222
11211222111111111111112212222222222222222222221111111111122222222222222222222222222222222222222221111111111111222222222444444444444444444144444444444444444111222222222222222222222222222222222222222222222222222222222222222222222222222222222222
11122211111111111111111112222222222222222222222211111111111112222222222222222222222222222221111111111111222222222222224444444444444111114444444444444444444422222222222222222222222222222222222222222222222222222222222222222222222222222222222212
11111111111111111111111111221111222222222222222222111111111111111112222222222221111211111111111111111111122222222242244444444444444141144444444444444444444442222222222222222222222222222222222222222222222222222222222222222222222222221122122222
11111111111111111111111111111222222222222222222222211111111111111111111111111111111111111111111111111111111122112244444444444444444444444444444444444444444444444222222222222222222222222222222222222222222222222222222222222222222222222222222221
11111111111111111111111111112222222222222222222222222211111111111111111111111111111111111111111111111111111112212244444444444444444444444444444444444444444444222222222222222222222222222222222222222222222222222222222222222222222222222222211222
11111111111111111111111111122222222222222222222222222222111111111111111111111111111111111111111111111111111111121144444444444444444444444444444444444444444442222222222222222222222222222222222222222222222222222222222222222222222222222222222221
11111111111111111111111111111111122222222222222222222222222211111111111111111111111111111111111111111111111111111144444444444444444444444444444444444444422422222222222222222222222222222222222222222222222222222222222222222222222222222222222221
11111111111111111111111111111111122222222222222222222222222222222122212122221211111111111111111111111111111111111144444424444444444111144444444144244444424222222222222222222222222222222222222222222222222222222222222222222222222222222222222222
11111111111111111111111111111111112221222222222222222222222222222222212222222221111111111111111111111111111111111144444444444444444111124444444442244444442422222222222222222222222222222222222222222222222222222222222222222222222222222222222222
11111111111111111121111111111111112122222222222222222222222222122222222222222111112211111111111111111111111111111144444444444444444444444444444444444444242422222222222222222222222222222222222222222222222222222222222222222222222222222222222222
11111111111111111111111111211111211112222222222222222222222222222222222222111221111111111111111111111111111111111144444444444444444444444444444444444444444222222222222222222222222222222222222222222222222222222222222222222222222222222222222222
11111111111111111111111122111111122222222222222222222222222222222222222212111211111111111111111111111111111111111144444444444444444444444444444444444444422222222222222222222222222222222222222222222222222222222222222222222222222222222222222222
11111111111112111111122222111121122222222222222222222222222222222222222122111111112121111111111111111111111111111144444444444444444444444444444444444444222222222222222222222222222222222222222222222222222222222222222222222222222222222222222222











































































































